
OP_DEFINE-SECTION
title
dabna_6s_1m_t500_exact
end-title
end-op_define-section

PARAMETER-SECTION
c38edce2ae8f5624 = -0.00285499999999999990 , ev
c0ffebec662379c3 = 3.33000000000000007105 , ev
c3ff6e92baf6fb5b = 0.05415499999999999481 , ev
c2876a42849ef059 = 0.00001604938271604938 , ev
c52dced7f123f931 = 0.00000493827160493827 , ev
c94949b5405d8ff2 = -0.00285499999999999990 , ev
c2ee94423db78f12 = 3.85999999999999987566 , ev
c392c0ff1632a8ae = 0.04435500000000000553 , ev
ced6b34b352f5326 = 0.00067000000000000002 , ev
ccc99873ebf862dc = 0.00025061728395061727 , ev
cd4236984fb718cd = 0.00008024691358024691 , ev
c853be8f000d56a8 = 0.00067000000000000002 , ev
c782ea6e9ae7ce86 = -0.00285499999999999990 , ev
c81e0bc432e9597d = 3.89999999999999991118 , ev
c118633859fb3674 = 0.04375500000000000222 , ev
cb22c8027d8b2f35 = 0.00016172839506172840 , ev
c36b545eae23679a = 0.00002592592592592592 , ev
ce0eae81d45d2deb = -0.00285499999999999990 , ev
cf8d69f312fc297b = 3.95000000000000017764 , ev
c1ee9797fd9e9e1f = 0.05515499999999999570 , ev
ca9009f945cf3b7d = 0.00017160493827160492 , ev
c94428fff330d56d = 0.00004691358024691358 , ev
cb0a9f86ab0eac73 = 0.00001604938271604938 , ev
ca521e37d4a57456 = 0.00025061728395061727 , ev
cdfc881fa9ac2b2b = 0.00016172839506172840 , ev
cb55f577c9cbf1d9 = 0.00017160493827160492 , ev
c2277f65840317e6 = -0.00285499999999999990 , ev
c18f1c9829383419 = 2.74000000000000021316 , ev
cd9a60408701cbe6 = 0.01211499999999999903 , ev
cc98b88cdc1dab19 = 0.00014444444444444444 , ev
c94cfb137058adf5 = 0.03128000000000000225 , ev
c9c8bba0d3c71fcf = 0.00000493827160493827 , ev
ce92a7534576eb67 = 0.00008024691358024691 , ev
c30d02cf072f1187 = 0.00002592592592592592 , ev
c91f480cd60089cb = 0.00004691358024691358 , ev
cda8e48855089696 = 0.00014444444444444444 , ev
cf55ab36a9c57ba2 = 0.03128000000000000225 , ev
c7e7422865208bfe = -0.00285499999999999990 , ev
cd5c6ea4924333de = 3.35000000000000008882 , ev
cd0f0e6a96ebeea5 = 0.00865499999999999950 , ev


end-parameter-section

-----------------------------------------
HAMILTONIAN-SECTION
-----------------------------------------
modes | el | mode1 
c38edce2ae8f5624 |1 S1&1 |2 dq*dq
c0ffebec662379c3 |1 S1&1 
c3ff6e92baf6fb5b |1 S1&1 |2 q*q
c2876a42849ef059 |1 Z1&5 
c52dced7f123f931 |1 Z1&6 
c94949b5405d8ff2 |1 S2&2 |2 dq*dq
c2ee94423db78f12 |1 S2&2 
c392c0ff1632a8ae |1 S2&2 |2 q*q
ced6b34b352f5326 |1 Z2&3 |2 q
ccc99873ebf862dc |1 Z2&5 
cd4236984fb718cd |1 Z2&6 
c853be8f000d56a8 |1 Z3&2 |2 q
c782ea6e9ae7ce86 |1 S3&3 |2 dq*dq
c81e0bc432e9597d |1 S3&3 
c118633859fb3674 |1 S3&3 |2 q*q
cb22c8027d8b2f35 |1 Z3&5 
c36b545eae23679a |1 Z3&6 
ce0eae81d45d2deb |1 S4&4 |2 dq*dq
cf8d69f312fc297b |1 S4&4 
c1ee9797fd9e9e1f |1 S4&4 |2 q*q
ca9009f945cf3b7d |1 Z4&5 
c94428fff330d56d |1 Z4&6 
cb0a9f86ab0eac73 |1 Z5&1 
ca521e37d4a57456 |1 Z5&2 
cdfc881fa9ac2b2b |1 Z5&3 
cb55f577c9cbf1d9 |1 Z5&4 
c2277f65840317e6 |1 S5&5 |2 dq*dq
c18f1c9829383419 |1 S5&5 
cd9a60408701cbe6 |1 S5&5 |2 q*q
cc98b88cdc1dab19 |1 Z5&6 
c94cfb137058adf5 |1 Z5&6 |2 q
c9c8bba0d3c71fcf |1 Z6&1 
ce92a7534576eb67 |1 Z6&2 
c30d02cf072f1187 |1 Z6&3 
c91f480cd60089cb |1 Z6&4 
cda8e48855089696 |1 Z6&5 
cf55ab36a9c57ba2 |1 Z6&5 |2 q
c7e7422865208bfe |1 S6&6 |2 dq*dq
cd5c6ea4924333de |1 S6&6 
cd0f0e6a96ebeea5 |1 S6&6 |2 q*q


end-hamiltonian-section

end-operator

